44,3
44,2
44,1
44,0
43,5
43,4
43,3
43,2
43,1
43,0
42,4
42,3
42,2
42,1
42,0
41,4
41,3
41,2
41,1
41,0
40,4
40,3
40,2
40,1
40,0
39,3
39,2
39,1
39,0
37,10
37,9
37,5
37,4
37,3
3,2
37,1
3,1
36,5
3,3
36,4
36,3
36,1
35,82
35,8
35,7
35,6
35,5
35,4
35,3
35,1
34,3
34,1
33,8
33,7
33,6
33,5
33,4
33,3
33,2
33,1
32,5
32,4
32,3
32,2
32,1
31,4
31,3
31,1
30,5
30,4
30,3
30,1
29,5
29,3
29,1
28,3
28,1
27,4
27,3
27,1
26,4
26,3
26,1
20,3
20,2
20,1
17,3
17,2
17,1
19,2
16,3
19,1
16,2
19,3
16,1
15,3
15,2
15,1
14,5
14,2
13,2
12,3
18,1
12,2
18,3
12,1
11,3
11,2
11,1
10,3
14,1
10,2
14,4
10,1
14,3
